1000 10000 0.00025 2 1e-8 200 20000
1000 10000 0.00025 3 1e-8 200 20000
1000 10000 0.00025 4 1e-8 200 20000
1000 10000 0.00025 5 1e-8 200 20000
1000 10000 0.00025 6 1e-8 200 20000
1000 10000 0.00025 7 1e-8 200 20000
1000 10000 0.00025 8 1e-8 200 20000
1000 10000 0.00025 9 1e-8 200 20000
1000 10000 0.00025 10 1e-8 200 20000
1000 10000 0.00025 15 1e-8 200 20000
1000 10000 0.00025 20 1e-8 200 20000
1000 10000 0.00025 25 1e-8 200 20000
1000 10000 0.00025 50 1e-8 200 20000
1000 10000 0.00025 75 1e-8 200 20000
1000 10000 0.00025 100 1e-8 200 20000
